S11o=-1.09643520720412-2.25270559837774i
S11s=-0.949143945041618+2.49202818028777i
S11m=-0.404744216271163-0.349626204103616i
S22o=2.32862352208495+1.54754611441849i
S22s=-3.24706123651723-0.953423203234649i
S22m=-0.802207201174726-0.458240484520496i
S11t=0.0232290783711807+0.559983274138096i
S21t=-0.929654045171337-3.59053547746663i
S12t=2.3020837509508+0.645345134578002i
S22t=-0.937450018340644-0.168763044881502i

e00=S11m;
e11=(S11o+S11s-2*e00)/(S11o-S11s);
e10e01 = (-2*(S11o-e00)*(S11s-e00))/(S11o-S11s);
deltae = (e00.*e11 - e10e01);
e22=(S11t-e00)/(S11t*e11-deltae);
e10e32=(S21t)*(1-e11*e22);

e33_r=S22m;
e22_r=(S22o+S22s-2*e33_r)/(S22o-S22s);
e23e32_r=(-2*(S22o-e33_r)*(S22s-e33_r))/(S22o-S22s);
deltae_r=(e22_r*e33_r-e23e32_r);
e11_r=(S22t-e33_r)/(S22t*e22_r-deltae_r);
e23e01_r=(S12t)*(1-e22_r*e11_r);

